3171.1,-421.35,1320.3,2438.4,434.13,-16.142,3099.8,-165.25,-2307.2,356.26,2987.8,-680.01,-2737,571.63,-411.37,2719.1,-1068.3,-1017.4,-1057.9,1963.4,1087.3,-3495,1512,-575.32,-2073.5,-589.35,-1550.5,2090.3,-370.19,-126.35,724.2,2033.1,-936.28,-1908.4,220.32,-2302.4,-2085.6,405.22,-3109.9,636.74,-558.27,2104.6,-570.99,-1206.4,553.58,-2694.7,-913.03,-1239.1,2551.6,-543.75,1580,71.956,-1906.1,-1515.8,1682.4,88.026,1949.8,-247.76,-613.11,2630.7,496.39,362.11,-2521.5,186.94,610.03,-1645.8,-911.67,-164.08,837.01,211.75,-444.56,1576.5,-471.62,1453.6,-2440.1,449.09,1389.4,2619.9,-1176.7,-2041,7.9123,1705.6,-3114.4,-1935.2,771.41,1019,-2429.3,-692.54,-1143.9,-1662.8,-80.519,1724.8,1965.3,-1964.5,2094.4,-41.236,-794.43,1363.3,-2311.2,-1984.3,2445.1,-2813.6,1973.9,-702.64,-1246.6,1681.4,-1899.4,721.55,-408.78,201.76,-1489.8,1544.8,-381.08,-338.25,-156.18,948.99,-3157.7,2724.6,1886.9,3698.1,-631.24,248.98,1621.3,23.019,1188.8,1063.9,1190.3,2043.3,2014.7,-1434.3,434.11,-219.73,-529.39,1570.8,1835.7,-293,-2305.6,-2298.4,671.79,-752.67,2484.9,489.46,674.66,-1173.4,-920.37,880.7,-1395.3,115.28,37.563,-602.5,-1634.4,-100.5,167.8,865.6,-628.29,-174.13,2502.6,-1086.8,579.21,2226.2,2002.2,927.74,-598.84,853.05,-1689.2,-3210.5,239,636.04,860.83,-1159.5,978.53,-847.6,689.75,-1132.8,-178.13,-2338.1,-1253,492,-2275.9,185.85,530.87,-2815.2,975.44,-44.386,-966.56,796.73,63.006,-2526.7,2251.1,-466.32,2258,-1905.3,471.73,321.66,-575.04,2404.7,1529.3,-2228.5,27.078,1890.1
-421.35,2170.3,1929.3,-2130,2136.6,-604.32,-1231,693.16,-1121.9,-1439.5,-790.39,682.43,1290.4,-1978.4,1058.6,104.73,1603,-266.3,-2447.6,-916.74,858.77,783.1,-1024.6,-1339.1,1150.8,911.32,1137.2,352.5,946.15,619.12,-1803,-760.41,1492.9,1320.6,674.34,928.91,-1206.3,2028.6,746.51,1101.7,138.93,1044.4,1008.6,1501.9,-1662.9,1267.4,-1089.3,-105.6,-68.776,-1006.2,1931.6,-1933.3,1385.9,523.3,-294.52,579.68,-660.69,2694.3,-1677.9,-287.45,2265.2,2811.8,1529.8,-64.168,-2482.5,1369.1,1251.7,-517.84,1579.4,-1978.8,2016.7,-955.59,511.76,-287.06,-753.35,-839.25,2119.3,321.52,1265.5,-875.51,-2823.1,1287,406.53,-630.19,-1050.4,-2012.3,-43.289,1204.5,-323.1,-320.53,464.47,1296.8,-1750.9,449.47,481.98,-1812.8,-2007.7,1877.5,911.97,-265.24,-47.04,449.63,1208,1446.4,-784.23,-1027.8,1173.2,-1913.1,-359.24,2205.1,346.05,1147.1,37.48,-3210.4,1951.4,-1663.1,179,442.51,-1226.2,-1359.3,-1541.3,477.81,-138.37,-284.73,548.58,-290.38,2085.3,701.33,-2112.3,1484.7,-2156.4,-931.64,-1351.6,-2579.2,471.07,-2100.1,1815,454.57,-470.62,396.29,915.83,669.65,2734,-91.007,580.32,452.4,-1096.4,2317.1,-1629.1,-1049.4,477.11,1874.2,-1040.4,2642.9,-1961.7,-492.58,-1622.8,1285,172.18,302.63,-91.589,-2124.4,-710.49,-2852.3,-86.195,57.6,2241.8,2571,-1387.2,539.95,-1136.9,-227.58,-1575.4,324.47,-1668,-521.43,-2195.7,3024.3,-339.45,-2677.3,-1128.9,632.27,1005.1,-1301.3,-2273.4,2402.6,1291.3,345.77,-405.69,-2083.3,758.13,-1274.7,-658.48,-1156.1,-169.71,423.6,170.83,-159.86,-988.92,334.18
1320.3,1929.3,2643.8,-809.14,2368.8,-577.49,472.81,547.49,-2332.3,-1231.8,881.07,247.07,-244.61,-1701.3,793.08,1547.6,1005.8,-813.78,-2993.3,189.8,1435.5,-1105.1,-167.89,-1608.6,11.762,590.41,303.37,1517.7,760.2,563.69,-1384.5,311.87,1016.4,248.85,762.06,-300.07,-2293.5,2266,-948.88,1431.7,-147.42,2232.7,729.31,797.14,-1293.8,-233.59,-1554.2,-746.03,1294.2,-1339.3,2754.9,-1832.5,344.11,-273.05,591.67,664.32,454.9,2546.6,-1967.3,1170.8,2573.9,3033.3,124.26,-16.033,-2171.2,402.42,769.4,-636.87,2020,-1808.4,1740.1,-62.147,230.18,542.96,-2075.7,-568,2871.3,1781.8,653.17,-2013.5,-2814.2,2217,-1343.8,-1747.8,-596.7,-1481.3,-1373.7,775.61,-1004.6,-1225.1,415.17,2200.1,-677.22,-673.58,1614.6,-1794,-2390.1,2644.8,-324.65,-1354,1259.4,-1067.5,2234.5,1044.7,-1489.9,-128.78,130.28,-1522.6,-537.45,2284.3,-427.99,1979.7,-145.97,-3427,1878.2,-1148.7,-1563.3,1903.3,-153.86,647.42,-1876.3,560.44,713.4,-248.96,1160.6,259.95,2774.8,1805.7,-1035.2,632.63,-1906.7,-1017.6,-1599.8,-1737,1528.8,-2194.6,546.13,-824.99,-83.955,-47.052,2228.8,905.96,3114.1,-711.73,51.309,921.26,-1824.1,2324,-1589.4,-1403.7,-390.11,1752.9,-934.75,3087.4,-2246.9,-550.39,-268.47,635.6,439.91,1530.3,1054.6,-1621.4,-1077.4,-2397.5,-975.88,-1680.4,2340,2938.3,-885.44,-136.68,-608.13,-702.75,-1186.3,-269.5,-1720,-1823.7,-2872.9,3317,-1600.4,-2553.3,-821.25,-913.27,1581.3,-1349,-2827.1,2859,1283.7,-1017,886.7,-2275.3,1967.1,-2331.3,-448.52,-999.05,-448.81,1704.4,1038.1,-1364.5,-938.2,1338.8
2438.4,-2130,-809.14,4041.5,-1652.9,-254.43,3142.5,495.91,-1692.6,1341.2,1962.7,342.29,-2245,3133.2,-367.55,2796.6,-1976.2,-650.64,879.95,1484.5,325.11,-3698,1344.5,-147.36,-2419.5,-1317.9,-2492.9,587.49,-1553.3,-1004.2,1724.3,3057,-2913.5,-1936.5,256.32,-3182.3,-1505.7,-2056,-2986.1,-212.03,-959.97,-433.42,-2133.6,-1237.5,456.81,-2445.5,-375.03,-1615.1,2578.4,1427.4,154.33,498.3,-2663.3,-2306.7,2229.1,-1348.9,842.94,-2489.7,136.95,1645.5,-2716.1,-3021.6,-2596.6,1444,3342.8,-912.3,-2213.1,1066,-564.39,796,-1478.5,1288.4,-271.95,466.26,-1232.1,526.16,-934.73,858.1,-2758.2,-52.435,2633.9,-21.987,-1444.4,653.48,809.42,3260.2,-1586.6,-480.51,821.22,-947.1,-383.97,850.85,3079.5,-657.33,1269.3,767.31,192.14,-1393.5,-3105.4,-1026.3,2446,-2871.6,1413.2,-1467.8,453.64,2633,-2338.2,2444.4,-987.45,-1273.6,-2305.1,220.86,-878.91,3611.5,-2275.8,2370.2,-1987.2,2125.6,1556.2,4243.1,819.67,947.82,2058.7,-248.03,1167.4,1743.2,-2102.5,1023.9,4011,-853.37,2104,-43.84,-16.509,3971.4,-443.48,308.39,-3147.6,-1495.7,470.71,-166.19,1887.5,412.65,-2450.5,-1208.1,-598.07,460.77,-720.69,-864.14,1158.9,1174.2,-2202.7,-346.58,798.89,-1306.5,113.74,-513.13,3635.2,-713.63,1366.7,1004.4,281.89,2797.3,1187.3,3624.8,-1871.4,-2676.9,-1252.3,-2511.5,1219.5,-334.4,1922.6,-94.809,1725.4,-1686.9,437.41,-558.58,1075,-3142.9,-859.6,2201.9,1056.2,-2408.5,-1297.7,1770.5,2118.7,-2265.7,-232.37,-2513,525.01,235.51,1415.6,257.51,2074.6,1776.6,-1054.2,2040.3,168.63,-1708,141.34,1648.6
434.13,2136.6,2368.8,-1652.9,2355.7,-494.88,-436.42,458.85,-1593,-1373.9,121.14,274.98,470.46,-2088.1,840.62,656.99,1353.5,-517.7,-2737.2,-306.7,1127.4,-14.346,-554.1,-1383.2,638.8,811.38,845.11,1026.4,970.38,678.25,-1619.8,-423.95,1476.1,766.92,636.57,489.82,-1614.3,2321.7,-23.538,1261.8,76.305,1827,1051.1,1077,-1335,502.79,-1254,-289.29,477.09,-1359.6,2299.9,-1770.6,956.15,282.47,-0.85474,789.43,29.607,2732.3,-1748.6,482.71,2685.5,3170.9,829.91,-242.95,-2556.4,728.65,1146.7,-713.84,1826,-1809.5,1874.3,-457.68,316.3,232.88,-1402.1,-660.31,2586.5,1158.2,1152.8,-1565.5,-2966.3,1810.8,-603.01,-1434,-771.44,-1965.3,-706.3,879.54,-882.15,-765.63,448.06,1670.3,-1330.3,-255.29,1019.9,-1756.8,-2121.3,2445,457.6,-828.63,478.4,-190.31,1588.5,1267.1,-1264.1,-722.12,712.42,-1847.7,-300.53,2257.5,135.67,1580.5,41.583,-3620.3,2072.8,-1524.1,-723.53,1078.5,-623.13,-512.96,-1757.7,349.78,143.87,-198.1,741.68,-152.56,2688.3,1237.9,-1798.1,903.29,-2114.3,-902,-1399.8,-2378,1216.5,-2027.1,1266,-231.03,-237.01,84.966,1445.6,709.94,3121.8,-323.73,259.53,662.73,-1387.3,2249.1,-1633.8,-1375.3,176.46,1679.9,-997.57,2910.7,-2001.3,-411.58,-1106.1,838.01,133.86,960.83,654.15,-2017.1,-1076.6,-2838.7,-402.64,-727.66,2300.8,2973.5,-1107.7,82.578,-966.77,-516.72,-1432.3,145.58,-1623.2,-1278,-2626.2,3431.4,-1038.6,-2689.9,-979.56,-112.64,1504.4,-1486.2,-2770.1,2843.5,1208.2,-233.98,430.46,-2067.1,1301.9,-1921,-770.01,-1215.3,-186.21,951.51,720.88,-708.75,-889.07,740.89
-16.142,-604.32,-577.49,-254.43,-494.88,1094.2,145.82,-1640.5,1801,544.34,909.57,-1826.8,-1039.3,-754.19,-1261.9,-1485.7,-525.91,376.89,1373.2,886.82,-711.78,822.46,859.93,1515.8,-145.16,-49.456,354.28,392.47,354.15,304.12,836.46,-1173.6,854.82,-830.97,-1035.7,900.29,1852.6,114.94,297.48,-720.3,560.77,725.68,823.96,-1390.7,2058.8,-734.16,1208.3,1166.5,-1117.6,-808.25,-1552.9,2004.4,-34.927,965.87,-1048.6,934.75,1315.6,-730.23,1590.6,361.74,670.73,217.64,-767.85,-1524.4,-313.56,-1939.2,343.25,-730.21,-774.54,1808.8,-1207.3,885.21,-700.19,906.01,656.8,808.52,-624.53,503.1,786.74,-311.57,543.82,-392.88,-1125,-1412.3,986.27,-527.51,156.43,-1528.9,-1426.9,323.29,-208.44,-1449.1,56.586,-1271.9,-601.72,1434.3,1823.2,231.51,823,104.94,-1065.6,773.44,-1826.3,-660.68,-448.82,-570.55,-143.02,106.91,1363.8,-1219.6,1217.3,-622.93,729.2,-389.77,61.116,37.369,-198.73,-1114,1151.2,-570.03,569.48,-1592.4,-1094.1,693.82,-1246.2,-929.47,686.03,-632.35,-558.99,-2004.4,625.15,1118.6,1408.2,-227.25,1293.4,2180.7,-315.4,-513.24,555.94,-886.67,-1631.2,-1016.8,-137.19,703.3,-732.54,-494.21,1274.4,-1928.3,776.33,-488.17,811.77,-2132,532.71,-1259.7,1982.1,1141.1,-383.61,-1648.9,-1448.2,55.603,1283,112.92,-949.08,15.188,1113.5,757.61,-1265.9,123.2,1001.3,-1178.2,-92.824,-220.13,508.6,764.9,1539.8,-388.9,657.77,180.95,-217.83,1008.3,610.38,-30.121,976.88,-459.2,-289.62,168.64,-1377.1,691.65,1590.1,2116.7,-1020.9,-57.804,-1289.6,-383.61,1069.5,-1225.9,718.64,608.23,1155.2,-1019.4
3099.8,-1231,472.81,3142.5,-436.42,145.82,3351.9,-306,-1811.7,875.51,3007.8,-761.65,-2971.2,1398.4,-713.06,2583.7,-1601.1,-859.2,-81.667,2116.5,707.67,-3610.6,1746.4,-102.31,-2373,-913.42,-1924.8,1752.8,-757.64,-394.57,1340.7,2280.7,-1543.9,-2235.8,9.2752,-2576.5,-1576.7,-467.23,-3198.6,193.06,-616.51,1455.5,-1005.9,-1618.1,1028.5,-2947.1,-491.71,-1192.5,2471,-24.646,789.18,699.45,-2323.8,-1689.7,1756.2,-230.84,1964.8,-1275.5,-4.2288,2516.1,-524.36,-836.35,-2892.3,320.17,1605.4,-1925.3,-1381.6,119.19,186.15,862.64,-1141.1,1775.6,-589.08,1386.6,-1994.3,694.06,462.39,2245.2,-1667,-1498.9,1121.4,1077.1,-2950.1,-1414.4,1063.8,1806.9,-2235.5,-1011,-809.09,-1428.1,-248.06,1174.9,2526,-1895.2,1782.6,591.04,-54.825,469.43,-2571.4,-1729.9,2359.9,-2841.4,1471.1,-1188.9,-792.55,2017.8,-2222,1441.4,-338.3,-621.24,-1613.1,1004.5,-424.86,1035.1,-949.38,1554.2,-2970.4,2420.9,2151.6,4013.6,4.4013,160.65,1639.5,82.836,971.12,1174.6,188.44,1648.1,2768.7,-1772.3,1234.7,90.306,-46.184,2524.2,1397.4,417.15,-2846.2,-2265.7,768.51,-786.12,2046.8,258,-487.95,-1101,-1028.6,666.45,-938.89,-690.39,640.81,-86.534,-1767.9,-691.53,539.03,-185.09,66.949,-49.455,3004,-1398.2,579.13,1925.6,1782.5,1717.7,-185.42,1954.9,-1611.4,-3045.5,-598.24,-477.42,1283.1,-1197.1,1376.2,-670.9,1241.7,-1238.9,397.03,-1911.9,-307.91,-800.82,-1942.7,1188.8,904.01,-2853.7,410.04,529.22,63.533,-263.73,-361.72,-2527.5,2116.4,255.48,1853.7,-1230.2,807.87,801.33,-545.93,2142.4,1283.7,-2038.5,338.54,1688
-165.25,693.16,547.49,495.91,458.85,-1640.5,-306,2500.2,-2503.5,-690.96,-1558.2,2835.1,1676,1407.5,1875.5,2111.4,696.43,-477.59,-1749.9,-1425.5,920.49,-1126.1,-1333.6,-2161,236.5,2.1583,-588.4,-827.49,-654.79,-551.31,-1130.7,1790,-1471.8,1279.7,1522.1,-1361.1,-2590.6,-483.91,-325.02,936.48,-857.31,-1445.8,-1386.9,2080.8,-3060.2,1195.8,-1684.1,-1724.6,1568.9,1449.3,2061.2,-2900.5,18.455,-1471.4,1558.4,-1555.3,-2133.7,807.41,-2230.1,-735.55,-1397.5,-747.34,1200.2,2392.1,778.89,2995.4,-636.28,1231.5,942.13,-2597.5,1664.1,-1387.7,1070.3,-1500.5,-741.64,-1195,590.58,-1038.8,-1315.4,767.3,-477.5,313.12,1958.6,2457.3,-1471.5,1020.6,-50.213,2297.8,2377.4,-335.45,272.48,1971.7,-7.1769,2094.2,719.27,-2010.7,-2537.7,-721.89,-1236.5,25.838,1492.3,-1057.5,2557.2,900.65,908.86,904.63,216.36,32.352,-2067.3,1607.7,-1845.9,706.21,-1123.5,1069.8,-345.25,90.506,535.4,1481.1,-1794.6,790.56,-640.1,2420.8,1613.6,-1056.4,1794.3,1418.4,-1451.7,741.89,1005.7,3065.5,-728.25,-1619.5,-1994.2,580.99,-2241.8,-3127.6,433.17,926.25,-864.66,1400.5,2249.7,1471.7,-202.99,-1003.2,1146.6,648.5,-1749.9,2713.8,-1006.2,956.07,-1213.8,3110,-712.13,1560.2,-2807.4,-1717.8,626.14,2506,2209.6,-301.48,-2163.1,35.14,1635.2,292.14,-1609,-949.05,1672.6,-587.83,-1457.3,1871.4,222.45,443.22,-642.8,-1158.9,-2186.2,864.53,-642.68,-728.37,566.2,-1242,-850.85,182.72,-1748,900.76,836.03,-649.27,1988.1,-937.23,-2623.7,-3015.6,1328.7,410.82,2080.2,733.81,-1616.4,1684.6,-1273.2,-761.48,-1688.7,1411.9
-2307.2,-1121.9,-2332.3,-1692.6,-1593,1801,-1811.7,-2503.5,4706,901.22,-691.38,-2392.7,184.23,-1074.1,-1840.9,-4296.8,-378.29,1395.4,3452.6,76.672,-2095.1,3666.7,402.75,3032,1058.9,145.43,1417.2,-1071.3,576.68,398.86,1151.2,-3100.8,1617.5,-134.12,-1882.7,2851.2,4637.6,-631.23,2600.2,-1828.6,1226.3,-752.88,1415.9,-1544.9,3075.6,615.16,2764.1,2705,-3577,-554.78,-3989.4,3422.5,1040.4,2458,-2764,1191.9,666.32,-1569.8,3255.3,-1367,74.396,-637.61,370.02,-2408.4,-319.24,-2003.4,892.27,-843.21,-2178,3035.7,-1969.7,375.12,-819.79,334.56,3003.1,1080.3,-2501.5,-1296.6,1752.3,1282.8,1501.4,-2187.8,556.65,-505.61,1155.8,-1062.7,2071.4,-2065.3,-1197.9,1813.4,-365.53,-3786.8,-963.79,-538.45,-2595.5,2624.6,3820.6,-1140.2,2746.2,1714.3,-3424,3163.6,-4517.1,-816.04,458.44,-1866.7,926.51,87.891,2440.3,-2520.3,2859.3,-2376.7,1371.7,458.74,-269.99,-248.7,2032.9,-3827.2,607.12,-3302.3,1707.1,-2689.6,-2824.2,1094.3,-2895.4,-2120.8,-379.81,-2656.5,-1833.9,-2288.1,1140.2,2071.9,2840.5,-888.33,441.51,4002.4,815.77,848.42,444.93,-858.77,-4537.6,-2055.2,-1384.5,1959.6,-546.94,-1513.2,3227.6,-3544.2,1535.9,-19.753,2328.5,-3578.1,928.93,-3187.2,3923,1964,-2058.6,-1967.8,-2646.9,-1665.6,439,-6.4376,-796.26,81.712,2959.7,3534.3,-2626.6,-925.34,1194.6,-1024.9,-595.05,364.61,631.08,1919.2,2851.1,1304.1,2466.8,-842.03,1468.9,2028.3,793.91,1916.7,483.44,-334.27,851.48,-936.72,-2426.9,2851.1,788.73,4032.7,-3414,1659.6,-2124.4,-531.9,2078.2,-3749.3,-114.81,2626.3,1955.2,-3030.8
356.26,-1439.5,-1231.8,1341.2,-1373.9,544.34,875.51,-690.96,901.22,978.82,723.93,-730.45,-1042.6,1109.6,-862.29,-214.5,-1099.6,191.13,1684.2,765.17,-604.68,-459.13,812.54,1043.6,-793.46,-584.55,-688.91,-86.764,-534.53,-334.46,1260,343.33,-807.55,-1001.6,-570.8,-498.11,968.18,-1211.3,-508.12,-769.17,-13.086,-457.03,-504.21,-1179.7,1364.2,-978.5,830.98,211.73,-54.824,470.3,-1380.4,1505.9,-914.62,-214.21,66.887,-202.89,676.38,-1774.8,1261.8,317.35,-1264.7,-1676.1,-1139.1,-197.46,1489.6,-1199.7,-740.64,195.75,-1064.2,1507,-1441.8,776.39,-439.74,366.58,488.94,657.09,-1353.5,-33.393,-686.69,422,1815.6,-796.58,-526.91,99.6,824.98,1180.6,-25.269,-1003.1,-65.598,195.38,-320.05,-970.25,1143.6,-540.06,-324.38,1337.5,1495,-1069.6,-500.33,116.53,-63.282,-241.04,-968.22,-1013.8,369.17,591.73,-801.56,1210.8,424.74,-1539,-64.81,-752.84,81.352,1892.9,-1190.7,1053.9,-241.27,-361.97,994.09,858.8,1014,-538.35,-38.048,285.68,-496.7,63.528,-1130.1,-465.37,1268.2,-1274.2,1433,741.83,1035.4,1592.8,-23.959,1624.4,-1235.1,-432.93,397.89,-407.8,-741.94,-556.56,-1675.3,130.81,-501.31,-327.91,830.4,-1723,1121.5,545.59,-214.35,-1490.9,726.48,-1792.4,1497.3,478.26,1011.9,-1084.2,-317.7,-105.76,324.25,1347.8,264.91,1775.8,177.03,-16.099,-1567.6,-1535.1,1035.8,-555.09,711.99,77.323,1066.5,-112.46,1261.1,183.32,1409.4,-1808.2,101.13,1805.5,804.56,-481.11,-428.76,722.05,1315.2,-1419.6,-1008.3,-181.36,573.41,1598.4,-555.23,710.95,212.79,656.73,256.46,-378.35,58.56,124.41,790.52,-307
2987.8,-790.39,881.07,1962.7,121.14,909.57,3007.8,-1558.2,-691.38,723.93,3602.4,-2214.9,-3445.2,-251.37,-1435.1,1295,-1377.4,-657.5,36.256,2595.9,468.51,-2561.6,2133.9,697.45,-2032.2,-545.86,-1093,2366.4,21.775,188.8,1308.7,856.83,-41.095,-2467.9,-657.79,-1343.9,-439.76,623.93,-2659.1,46.744,-29.525,2719.9,248.37,-2278.6,2232.8,-3137.3,120.4,-162.26,1447.9,-1299.7,269.49,1706.6,-1759.3,-561.57,663.04,947.03,2978,-700.51,704.49,2812.8,1216.9,725.68,-2984,-1170,140.1,-3190.8,-484.76,-835.5,222.23,1664.7,-1354.5,2222.4,-1034,2168.1,-1802.7,1086,918.34,2967.7,-346.02,-2283.4,298,1369,-3940.4,-3136.4,1536.4,373.68,-2186.1,-1929.4,-2372.8,-1325.2,-229.79,456.93,1810.3,-2968.5,1502.7,1104,714.24,1631.9,-1421.5,-1821.2,1393.9,-1976,356.64,-1157.1,-1639.3,1034.8,-1862.4,655.66,788.78,-735.14,-326.46,1003.6,282.11,-881.55,35.211,828.4,-3180.2,1650.9,2735.3,2940.1,-203.85,-1134.3,575.2,615.51,73.812,177.6,1881.4,1441.9,1290.8,-3038.4,821.76,715.04,646.09,1127.8,2925.3,1502.6,-2359.5,-2618.1,1101,-1474.5,997.47,-384.08,706.4,-506.53,-1486.5,436.08,-282.18,-1435.1,611.72,-1076.3,-813.47,-1850.4,560.84,-106.84,1016.4,808.04,1944.4,-2406.4,-712.04,2196.4,3037.5,843.79,-1456.6,637.55,-637.36,-2395.4,-737.9,888.17,1612.8,-2110.7,777.11,-1019.1,1002.2,-385.7,1076.4,-2611.7,-763.95,831.79,-2389.2,887.52,970.24,-2673.9,1860.4,-534.41,-1330.9,1070.5,-1067.7,-1780.8,3524.9,1281.7,1308.2,-1956.6,-730.47,-108.27,383.15,1245.2,2106.1,-1603.3,979.2,929.61
-680.01,682.43,247.07,342.29,274.98,-1826.8,-761.65,2835.1,-2392.7,-730.45,-2214.9,3304.1,2266.1,1683.7,2129.1,1960.2,840.95,-356.43,-1625.3,-1882.5,802.89,-776.96,-1693.2,-2269.1,518.27,23.871,-512.57,-1324.4,-768.25,-662.69,-1265,1778,-1656.5,1672.2,1651.6,-1256,-2522.3,-791.59,80.333,875.55,-901.59,-2093.2,-1579.2,2458.8,-3459.6,1710.8,-1687.5,-1762.2,1380.8,1835.2,1938.6,-3174.2,220.97,-1478.8,1531.8,-1845.6,-2713.2,740.72,-2313.7,-1255.1,-1873.5,-1151.9,1665.1,2715.9,999.11,3590.6,-682.89,1481.9,808.79,-2846.2,1811.9,-1771.7,1262,-1936.5,-382.55,-1373.6,269.09,-1651.8,-1418.4,1290.7,-312.39,-31.61,2726.4,3189.2,-1726.3,1169.1,348.58,2647.3,2940.8,-82.056,286.79,1865.3,-187.53,2687.7,436.78,-2145.8,-2608.6,-1210.5,-1110.4,380.59,1309,-783.16,2502.5,1027.7,1313.8,844.18,464.6,77.657,-2271.2,1624.6,-1897.4,457.41,-1227.4,1550.6,-533.09,85.704,1121.8,1208.8,-2266.8,406.67,-499.86,2693.7,1592.4,-1190.5,1813.8,1473.8,-2035.5,452.95,995.37,3626.3,-726.02,-1741.5,-2084.4,621.3,-2912.8,-3359.9,726.58,1404.3,-1062.8,1696.9,2089.8,1549.9,-573.29,-947.47,1418.3,559.63,-1682.3,2897.1,-1023,1283.4,-1160,3424,-756.72,1423.4,-2948.9,-1898.5,438.56,2944.5,2422.3,-739.87,-2803.1,64.339,2032.7,432.07,-1556.7,-560.35,1689.7,-994.27,-1696.6,2291.7,188.04,667.63,-719.05,-1167.5,-2336.2,1421.8,-345.08,-1169.4,1054.4,-1230.1,-968.48,623.01,-2249,1148.6,1308.5,-1077.2,2160.4,-684.22,-3346,-3204.2,1085.2,893.23,2361,884.56,-1742.8,1496.7,-1726.8,-489.89,-1856.9,1277.1
-2737,1290.4,-244.61,-2245,470.46,-1039.3,-2971.2,1676,184.23,-1042.6,-3445.2,2266.1,3439,-217.21,1629.8,-997.18,1658.1,482.61,-756.43,-2587.8,-139.98,2387.7,-2205.5,-1070.8,2090.5,714.37,1221,-2026.8,191.4,-34.045,-1672.3,-853.51,344.6,2570.5,831,1346.2,-62.665,-47.76,2505.7,293.32,17.11,-2190.4,-29.642,2493.9,-2547.8,3138.5,-475.33,24.514,-1204.4,955.14,371.34,-2148,1900.8,550.27,-575.24,-761.74,-2893.8,1352.8,-1168.2,-2579.1,-554.59,51.357,3072.3,1134.4,-723.64,3306.6,715.19,663.27,263.27,-2107.1,1795.7,-2268.1,1094.8,-2053.6,1346,-1231.3,-225.97,-2573.3,561.33,1814.9,-1016.1,-850.69,3659.9,2714.2,-1695.3,-794.04,1901.7,2122.6,2120.4,1061,336.12,38.348,-2039.7,2826.8,-1154.7,-1541.7,-1278.3,-983.01,1416.4,1528.7,-1155.1,1792.4,134.3,1435.8,1282,-1124.7,1946.7,-1066.9,-892.21,1299.3,279.1,-545.36,-295.79,-1.1664,456.11,-1150.6,2860.5,-1254.6,-2809.3,-2887.2,-252.69,1245.2,-454.55,-667.81,172.02,-155.53,-1186.2,-1043.1,-1624.3,3206.8,-1315.4,-951.89,-1019.8,-1624.5,-2560.4,-2024,2559.2,2459.8,-1131.5,1468.5,-519.07,587.74,77.294,368.42,1513.2,-230.43,-127.42,1999.3,-1009.4,722.78,773.04,2269.4,-797.16,859.15,-1545.1,-925.12,-2090.7,2572.3,785.13,-1862.9,-2800.3,-1286.4,1179.1,-1280.5,452.34,2064.1,1314.6,-144.38,-1848.4,2087.4,-962.7,858.09,-1318.8,361.72,-1488.9,2199.1,68.59,14.608,2035.6,-1534.8,-1186.3,2515.8,-1462.5,179.92,622.88,-350.91,1374.4,1601,-3333.2,-1820.1,-880.44,1407,579.69,-164.72,-463.88,-893.05,-1868.7,1324.1,-1201.9,-653.66
571.63,-1978.4,-1701.3,3133.2,-2088.1,-754.19,1398.4,1407.5,-1074.1,1109.6,-251.37,1683.7,-217.21,3638.8,398.14,1955.5,-1348.4,-183,1255.8,-54.335,-116.27,-2178.2,124.14,-389.72,-1294.5,-1117.6,-1980.4,-1012,-1731.6,-1234.8,1171.7,2643.4,-3149.4,-550.04,580.44,-2477.9,-1036.8,-2805.9,-1390.9,-420.89,-970.44,-2383.4,-2474.8,1.6649,-733.01,-616.94,-281.89,-1504.9,1663.6,2449.6,-330.5,-303.64,-1756.3,-2041.8,1860.8,-2071.9,-992.15,-2483.8,-53.433,-134.88,-3897.2,-3971.5,-911.58,2230.7,3675.6,947.03,-2114.5,1703.8,-967.53,31.22,-928.07,-1.3987,320.02,-901.93,57.643,-45.008,-1882.8,-1127.7,-2757,1580.5,2912.7,-1123.9,1055.2,2810.1,-20.209,3364.2,-162.8,584.04,2430.7,-36.603,-311.13,350.94,2201.8,1206.2,219.64,342.38,48.655,-2773.1,-2346.9,198.94,1562.1,-1674.4,997.67,-954.74,1654.8,2142.8,-1327,2342.2,-1453.4,-1156.8,-2165.3,-617.53,-1076.2,4730.7,-2630.1,2114.5,47.71,992.36,-23.713,2573.2,1206.8,1620.4,1721.5,-606.6,1040.7,1687.8,-3684.4,-23.065,3538.6,888.29,1929.5,-362.07,-222.09,3679.7,-2436.1,-334.83,-1921,131.53,-169.84,733.18,1103.7,559.9,-3370.8,-871.59,276.23,106.97,-365.83,-304.34,1029.7,2055.3,-1764.6,559.98,605.69,-1671.1,-235.27,-966.4,2654.4,648.06,1815.6,-472.55,-1688.1,2608.9,2262.7,3694.2,-1455.5,-1141.1,-1139.4,-3525,397.26,956.45,1612.5,607.44,1336.8,-1499.9,4.7559,1228.2,1935.1,-4197.3,750.25,2068.6,611.52,-780.48,-2686.1,2342.3,3369.7,-3369.4,256.94,-1423.8,-1711.5,-266.54,450.05,1743.2,2674,2046.9,-1285.7,1174.7,-1234.9,-647.31,-339,1000.7
-411.37,1058.6,793.08,-367.55,840.62,-1261.9,-713.06,1875.5,-1840.9,-862.29,-1435.1,2129.1,1629.8,398.14,1563.7,1287,951.37,-330.22,-1753.9,-1317.2,778.92,-344.81,-1256.3,-1770.6,583.82,274.49,-6.7597,-590.82,-172.07,-202.32,-1275.4,885.9,-545.89,1320.9,1187.9,-536.56,-1934.9,179.03,162.24,880.01,-507.84,-827.68,-636.92,1865.7,-2528.6,1297.8,-1364,-1115.1,886.22,746.72,1797.9,-2462.7,488.25,-763.84,872.35,-901.84,-1726.7,1261.9,-1903.3,-728.24,-380.21,208.46,1358.7,1584,-159.21,2473.9,-47.4,704.49,996.55,-2278.8,1673.7,-1278.6,882.56,-1172.9,-549.82,-1050.9,867.54,-773.02,-485.44,410.99,-1058.5,444.48,1612.4,1607.3,-1311.6,101.79,100.54,1903.5,1586.2,-209.9,309.46,1563.3,-579.3,1645.9,484.77,-1825,-2185.7,-78.2,-456.51,67.188,846.5,-426.49,1919.6,1025.8,482.39,240.56,565.52,-520.48,-1461.9,1646.1,-1064,682.27,-724.35,-96.227,285.93,-429.75,596.6,949.9,-1642.1,-43.639,-795.47,1740.8,953.82,-787.43,1280.5,816.02,-505.35,560.14,5.8734,2538.4,-1079.1,-1321,-1664.4,-375.44,-1497.5,-2637.4,903.41,880.17,-745.67,1091.6,1605.6,1136.4,536.13,-629.32,978.51,501.83,-1381.3,2425.6,-1105.1,406.47,-595.3,2590.1,-761.3,1688.6,-2365.4,-1275.4,-151.47,2088.3,1498.9,-257.75,-1601.3,-586.07,952.25,-598.24,-1005.2,-431.92,1697.2,236.65,-1395.3,1470.8,-205.43,289.81,-885.41,-628.28,-1897.3,586.51,-930.6,268.86,429.23,-1546.3,-899.6,456.68,-973.94,270.09,28.278,141.68,1671.8,-389.79,-2008.5,-2547.1,957.49,58.467,1201.6,173.5,-1098.8,1101.3,-904.93,-421.18,-1397.3,925.01
2719.1,104.73,1547.6,2796.6,656.99,-1485.7,2583.7,2111.4,-4296.8,-214.5,1295,1960.2,-997.18,1955.5,1287,4376,-430.34,-1333.1,-2385.6,508.99,1761.3,-4227.1,197.25,-2413.7,-1722.4,-592.28,-2014.9,1082.6,-1005.3,-667.5,-264.53,3528.6,-2306.5,-623.33,1554.1,-3386.8,-4172.6,-231.64,-3139.8,1354.9,-1302,473.98,-1865.7,732.25,-2209.3,-1401.2,-2294,-2695,3738.2,924.66,3177.8,-2473.6,-1791,-2754.7,2966.8,-1399.8,-175.82,327.63,-2486.7,1698.3,-1010.7,-570.41,-1261.2,2381.5,1446,1193.2,-1495.4,1028.1,1504.7,-2065.2,991.95,200.1,528.89,-62.752,-2815.7,-640.4,1635.5,1364.2,-2360.9,-1055.7,-228.7,1723,-1009.9,582.15,-591.65,2001.3,-2219,1414.7,1194.8,-1775.9,145.65,3270.9,1880.8,142.26,2504.9,-1762.1,-2909.2,417.79,-3278.3,-1734.1,3570.5,-3529.4,4040.8,97.4,-219.94,2415.9,-1586.7,815.2,-2249.2,1505.1,-3064.4,1952.4,-1381.7,918.53,-600.76,1054.5,-2346.5,3775,122.33,4140.9,-1044.5,2424.9,2951.8,-934.33,2681.8,2283.8,-426.08,2464.2,2886.5,1439.5,-126.97,-1624.8,-2217.6,2130.8,-460.08,-2998,-1796.9,-1235.9,-162.5,591.1,4235.4,1749.1,217.9,-1971,192.87,1354.9,-2786.1,2441.2,-777.25,419.79,-2619.6,2646.3,-431.75,2023.8,-3012.7,-1706.7,2937.5,1248.5,2547.3,1694.1,-197.2,1017.8,1025.9,1241.1,-2992.8,-3756.2,1595.7,-160.21,-473.83,651.32,1164.6,-333.14,138.73,-2108.7,-2057.3,-1257.5,-1556.1,-451.95,-1490.6,-785.9,-228.16,-2398.6,-813.63,886.79,71.771,-60.785,1799.2,-3153.8,-376.79,-3051,3193.8,-1234.3,2391.7,1049.9,-1995.6,3677.6,181.88,-2687.7,-1463.4,2971.9
-1068.3,1603,1005.8,-1976.2,1353.5,-525.91,-1601.1,696.43,-378.29,-1099.6,-1377.4,840.95,1658.1,-1348.4,951.37,-430.34,1382.3,33.97,-1508.1,-1201,378.19,1287.8,-1155.4,-919.28,1291.1,751.07,1090.5,-339.88,669.94,400.54,-1465.8,-864.15,1109.1,1444.9,513.7,1075.5,-495.44,1215.3,1231.5,651.26,162.36,69.721,703.86,1456.7,-1480.6,1595.1,-633.4,98.455,-547.16,-424.94,1061.3,-1530.7,1390,604.63,-486.04,244.08,-1082,1918.6,-1141.2,-891.22,1279.7,1727.2,1727.9,97.446,-1742.4,1546.6,1007.1,-209.24,921.22,-1571.7,1581.4,-1129.4,539.14,-662.68,36.463,-761.48,1118.8,-506.31,1028.4,-25.269,-1919.9,465.39,1183.4,243.55,-1002.4,-1510.3,560.47,1150,248.73,166.49,350.2,595.95,-1647.1,941.77,-134.51,-1353.7,-1340.5,862.09,1076,309.85,-512.73,904.42,521.38,1204.5,-147.52,-1025.2,1261.7,-1448.3,-299.94,1544.9,451.05,441.89,30.76,-1973.3,1311.6,-1332.8,931.72,-255.69,-1417.2,-1747.7,-922.33,445.59,-362.85,-277.35,214.51,-343.15,986.1,25.783,-1821.4,1577.3,-1599.2,-692.69,-925.95,-2057,-308.47,-1570.4,1805.3,935.71,-544.76,556.36,177.98,440.84,1641.3,147.95,700.05,136.6,-525.49,1726.4,-1172.6,-477.76,622.64,1514.8,-789.4,1670.8,-1371.4,-418.96,-1643.9,1316,144.89,-365.64,-717.96,-1639.2,-200.13,-2086,230.15,748.61,1565.3,1512.2,-1247.5,788.02,-979.21,89.607,-1267.9,402.74,-1237.4,290.58,-1206.7,1838.6,373.44,-1925.5,-947.81,1122.6,295.8,-786.14,-1213.6,1356,999.26,774.46,-1023.8,-1508.1,56.787,-352.09,-392.34,-791.8,-98.108,-174.3,-358.54,378.48,-796.49,-129.36
-1017.4,-266.3,-813.78,-650.64,-517.7,376.89,-859.2,-477.59,1395.4,191.13,-657.5,-356.43,482.61,-183,-330.22,-1333.1,33.97,473.19,1005,-307.67,-655.53,1309.8,-152.48,761.73,525.25,82.717,491.22,-627.42,118.19,58.783,189.68,-921.84,386.53,260.61,-435.88,917.28,1345,-326.34,1039,-534.19,327.13,-615.5,309.26,-149.45,571.65,555.95,761.23,750.21,-1155.6,67.41,-1172.4,747.06,474.22,717.53,-821.11,167.32,-211.87,-416.96,832.44,-746.16,-228.11,-369.6,459.89,-479.54,-17.686,-140.84,262.32,-91.381,-668.74,650.92,-409.42,-174.58,-93.697,-201.3,1080.4,167.72,-870.88,-770.14,472.85,691.05,459.54,-820.38,681.98,322.42,132.89,-265.53,859.26,-326.73,20.406,680.08,-82.261,-1121.9,-447.72,252.49,-919.84,612.85,994.02,-597.2,900.53,720.68,-1108,1105,-1300.5,-108.64,377.3,-607.22,464.94,-0.64658,555.88,-649.55,798.2,-815.52,325.85,357.59,-145.58,-123.47,978.97,-1268.8,-174.56,-1244.4,538.59,-578.92,-830.7,216.61,-804.18,-582.02,-435.86,-935.62,-595.96,-242.45,266.38,487.36,717.62,-303.96,-304.58,936.26,482.1,574.16,-17.837,-39.285,-1384.7,-520.15,-564.29,596.89,39.265,-481.53,941.11,-830.26,382.76,180.59,718.88,-766.15,206.52,-930.55,977.64,430.21,-764.01,-237.49,-615.41,-761.39,-301.18,-44.548,13.88,33.251,883.23,1276.2,-678.89,-460.94,144.08,-0.30229,-227.54,246.13,84.608,555.12,671.9,729.45,842.93,-446.69,736.16,513.29,116.81,861.63,-164.19,30.11,492.19,-483.4,-546.41,997.76,-264.25,974.45,-1121.7,760.05,-444,-87.048,508.38,-1190.9,-329.32,930.4,421.53,-951.73
-1057.9,-2447.6,-2993.3,879.95,-2737.2,1373.2,-81.667,-1749.9,3452.6,1684.2,36.256,-1625.3,-756.43,1255.8,-1753.9,-2385.6,-1508.1,1005,3941.6,629.2,-1874,1383.1,932.7,2675,-314.99,-695.92,-205.7,-1071.4,-559.8,-370.96,2084.6,-963.51,-518.38,-1032.5,-1499.6,730,3471.1,-2198.2,884.84,-1919.5,499.04,-1563.6,-211.35,-1926.7,2849.9,-545.23,2367,1479.3,-1878.9,739.81,-3779.1,3315.6,-560.14,825.11,-1194,-2.115,663.34,-3152.9,3091.5,-686.37,-2106.7,-2914.2,-918.87,-1056.3,2055.4,-1957.5,-629.12,113.63,-2541.6,3164.4,-2687.5,848.78,-781.61,232.7,2359,1203.5,-3253,-1211.7,-218.38,1640.9,3268.4,-2386.7,270.48,591.67,1390.8,1235.9,1284.1,-1954.1,-103,1325.2,-581.41,-3122.9,922.25,-409.62,-1881.7,2857.5,3672.8,-2410.5,699.03,1269.9,-1815.9,1375.7,-3403.8,-1609,1084,-114.32,-417.51,1704,1487.8,-3191.5,1166.6,-2323.8,635.92,3194.3,-1893.4,1293.7,1154.2,-2483,1163.1,-714.9,2266.6,-1688.6,-1356.6,754.9,-1964.8,-828.23,-2234.7,-2104.1,853.06,-2219.1,2439.8,1821.8,2594,1765.5,-462.28,3777.1,-1005.7,256.61,549.51,-657.93,-3209.2,-1607.2,-3221,1119.8,-664.4,-1211.3,2644.3,-3747.2,2185.6,1029.5,823.86,-3328.9,1354.7,-3978.7,3656.2,1364.6,241.05,-1934.3,-1430.2,-1312.1,31.83,1829.1,366.27,2545.6,1633.7,1953.1,-3278,-2858.3,1706,-813.98,650.59,480.94,1644.6,715.33,2844.6,1363.3,3288.6,-3218.3,1263.4,3350.8,1329,642.88,-825.06,1047.9,2592.1,-2729.1,-2292.7,1293.3,447.13,3797.1,-2526.6,2160.8,-418,779.27,1170.7,-2390.1,-400.46,1617.7,1790.4,-1917.6
1963.4,-916.74,189.8,1484.5,-306.7,886.82,2116.5,-1425.5,76.672,765.17,2595.9,-1882.5,-2587.8,-54.335,-1317.2,508.99,-1201,-307.67,629.2,1963.2,39.803,-1572.6,1676.6,934.95,-1481.6,-479.68,-776.39,1547.7,-38.215,101.53,1247.2,407.24,-47.669,-1923.8,-722.77,-796.97,259.37,154.63,-1738.1,-263.82,78.21,1751,195.12,-1941.8,2071.3,-2325,469.66,150.29,705.37,-864.42,-402.24,1759.3,-1315.5,-229.51,247.42,721.43,2262.4,-954.36,999.6,1911.4,616.96,137.34,-2268.6,-1053.2,353.27,-2620.5,-404.8,-616.02,-225.89,1698.3,-1381.2,1729.3,-872.89,1610.7,-918.15,971.7,178.87,1959.2,-226.63,-1408.7,675.61,624.77,-2805.3,-2213.1,1324.1,396.52,-1360.1,-1707.6,-1768.2,-738.53,-251.19,-177.07,1400.8,-2219.5,773.74,1240.7,1097.3,843.32,-860.29,-1108,678.54,-1164,-307.15,-1067.3,-1037.1,680.21,-1375.6,694.01,832.54,-1012.6,-4.0405,362.04,325.45,-219.73,-222.95,757.11,-2098.4,768.32,2147.4,1942.9,190.42,-1116.1,161.11,573.89,-281.63,-39.263,1068.8,699.39,989.68,-2551.8,938.96,810.52,881.52,1015.4,2074.7,1687.1,-1813.9,-1840.1,880.33,-1177.8,181.47,-543.34,62.17,-167.2,-1178.1,117.31,226.65,-1620.8,766.06,-650.12,-416.28,-1869.7,605.56,-676.81,1317,816.67,1379.1,-2048.1,-776.02,1376.1,2218.5,843.5,-1032.9,787.77,-167.09,-1383.7,-1028.7,253.54,1420.3,-1663.6,627.96,-666.97,953.49,-132.17,1225.5,-1681.4,-63.115,169.46,-1527.9,1128.7,894.95,-1799.9,1257.9,-264.3,-610.35,401.75,-1136.8,-1042.3,2635,1530.5,526.56,-1094.8,-645.4,4.5635,487.54,488.33,1471.9,-879.11,994.49,340.69
1087.3,858.77,1435.5,325.11,1127.4,-711.78,707.67,920.49,-2095.1,-604.68,468.51,802.89,-139.98,-116.27,778.92,1761.3,378.19,-655.53,-1874,39.803,1037.7,-1453.5,-159.41,-1371.6,-338.38,108.42,-368.33,749.84,21.493,25.821,-720.42,1057.2,-236.55,95.524,787.57,-978.46,-2062,801.88,-1078.7,951.55,-422.7,841.77,-248.09,683.21,-1294,-270.29,-1276.3,-1044.9,1469.6,-188.05,1980,-1548.1,-243.05,-844.18,1025,-191.67,-72.429,1163.1,-1536.6,752.61,665.76,1007.9,-97.902,743.34,-475.06,717.32,-77.373,90.789,1218,-1420.9,1070.8,-122.28,312.26,50.601,-1499.3,-482.84,1549,893.46,-376.62,-946.85,-1214.5,1279.3,-550.6,-321.29,-511.78,-58.263,-1023.4,842.03,96.376,-898.84,223.27,1770.3,131.36,-25.184,1247.6,-1291.2,-1825.7,1066.7,-952.51,-904.58,1411.9,-1283.1,2007.2,526.29,-546.76,555.04,-264.69,-427.74,-901.94,1390.3,-1009.8,1272.9,-466.29,-1056.9,582.9,-222.42,-1066.8,1710.1,-216.63,1219.8,-1032.6,984.05,1075.3,-405.1,1213.3,733.01,864.55,1316.6,305.87,868.1,-858,-914.33,-1309.7,-176.84,282.42,-1826.8,-122.32,-497.46,-155.78,248.59,2015.4,880.55,1262.9,-804.31,177.07,719.02,-1495.2,1717.6,-898.74,-371.42,-836.05,1574.7,-535.49,1815.3,-1818.3,-756.16,582.77,771.86,940.85,937.89,157.99,-423.47,-43.941,-658.01,-1188.2,-1563.9,1438.3,1073.5,-600.14,273.62,28.889,-305.57,-506.74,-673.77,-1342.6,-904.85,-1537.6,1147.6,-896.08,-1307.1,-461.05,-855.46,277.79,-255.74,-1022.9,1057,1093.8,-1170.9,6.5036,-1858.9,1595.8,-1147.4,541.93,-98.992,-767.14,1630.9,322.05,-1191.8,-855.37,1307.3
-3495,783.1,-1105.1,-3698,-14.346,822.46,-3610.6,-1126.1,3666.7,-459.13,-2561.6,-776.96,2387.7,-2178.2,-344.81,-4227.1,1287.8,1309.8,1383.1,-1572.6,-1453.5,4766.3,-1175.5,1497.2,2507.8,956.29,2444.3,-1640.2,1136,693.51,-713.79,-3582.1,2445.6,1742.4,-946.51,3666.5,3450.4,562.22,3840.8,-888.97,1185.8,-1033.5,1828.2,546.61,712.53,2630.6,1656.4,2377,-3769.7,-653.45,-2323,1043.9,2542.1,2739.3,-2895.6,1067,-1031.3,705.09,1463.4,-2507.3,1109.3,1043.1,2530.7,-1704.8,-2006.1,412.52,1819.2,-762.2,-944.62,688.91,154.53,-1188.3,29.212,-753.06,2850.5,-40.371,-1141.1,-2096.7,2531.6,1441.7,-692.67,-1602.3,2316.7,366.58,-293.41,-2437.3,2657.7,-249.71,-337.98,1904.8,80.822,-2645.4,-2740.7,997.51,-2555.9,659.21,1736.2,-385.45,3593.2,2050.1,-3598.9,3868.2,-3309.1,710.29,522.75,-2744.5,2339.4,-1467.6,1598.6,-447.58,2881.4,-1718.5,1123.1,-1407.1,1061.2,-1664.3,3164.8,-3726.3,-1368.1,-4983.9,548.7,-1601.9,-2808.9,530.45,-2211.8,-2134.4,326.19,-2437.9,-3545.8,179.48,-769.03,918.06,1340.5,-2962.1,-447.38,1523.7,2869.2,2085,-358.36,90.958,-3776.4,-1209.3,340.54,1865.6,494.31,-1201.1,2219.4,-999.17,17.24,-298.88,2693.4,-1163.4,-101.94,-988.71,1738.6,1081.4,-3672.3,78.572,-1936.3,-2130.5,-872.37,-1767,-605.48,-2097.4,2801.9,4096.8,-515.55,563.87,-515.7,291.85,-1595.5,570.01,-898.32,2061.7,967.38,1827.8,999.04,964.3,2007.7,-362.34,-441.9,3167.6,368.73,-959.09,-253.73,368.71,-849.28,3446.3,-967.51,1648.9,-3014.7,1376.6,-2027.3,-1203.6,1566.7,-3510.4,-816.67,2838.9,672.49,-2812.8
1512,-1024.6,-167.89,1344.5,-554.1,859.93,1746.4,-1333.6,402.75,812.54,2133.9,-1693.2,-2205.5,124.14,-1256.3,197.25,-1155.4,-152.48,932.7,1676.6,-159.41,-1175.5,1473.5,1036.3,-1263.8,-477.5,-680.98,1151.2,-107.8,31.781,1250.1,266.17,-127.19,-1691.9,-740.01,-608.14,555.15,-128.2,-1353.4,-416.92,104.18,1252.8,111.09,-1791.5,1983.9,-1972.6,623.83,257.31,406.92,-607.34,-719,1779.8,-1157.5,-127.36,102.59,569.31,1915.4,-1133,1135.6,1499.2,248.76,-228.38,-1967.6,-947.86,540.88,-2341.7,-420.32,-475.42,-455.22,1718,-1418.8,1506.9,-793.16,1337,-513.34,920.23,-205.35,1473.8,-239.28,-972.44,920.72,257.74,-2265.4,-1726.4,1229.1,489.44,-988.43,-1595.4,-1436,-472.17,-269.09,-459.52,1269.5,-1851.7,446.61,1314.3,1276.3,416.41,-661.85,-778.68,390.06,-835,-587.81,-1051.5,-723.17,571.14,-1187.6,769.86,819.11,-1170,91.182,53.85,319.9,197.92,-405.52,777.32,-1606,389.53,1882.4,1552.4,400.72,-1070.9,13.458,541.3,-419.86,-97.766,609.33,360.06,939.66,-2312.6,1041.4,847.17,985.84,1055.3,1630.3,1767.1,-1614.3,-1484.2,776.93,-1026.6,-165.35,-603.88,-314.72,-33.207,-1032.6,-25.898,451.4,-1716.7,863.31,-406.3,-277.94,-1869,641.95,-980,1451.8,798.9,1187.3,-1872.5,-762.92,991.66,1807.2,908.43,-786,947.91,12.749,-950.69,-1191.8,-122.27,1344.6,-1439,600.04,-492.31,965.56,-52.653,1296.6,-1228.8,304.85,-235.55,-1118.3,1291.8,877.08,-1422.1,919.36,-84.242,-199.64,14.401,-1164.7,-740.6,2191.4,1641.2,180.36,-659.84,-542.89,105.94,505.22,170.98,1154.6,-564.79,995.33,95.807
-575.32,-1339.1,-1608.6,-147.36,-1383.2,1515.8,-102.31,-2161,3032,1043.6,697.45,-2269.1,-1070.8,-389.72,-1770.6,-2413.7,-919.28,761.73,2675,934.95,-1371.6,1497.2,1036.3,2381.4,-95.337,-226.37,395.41,-98.845,199.77,192.6,1432.3,-1608,747.61,-1010.9,-1511.9,1283.3,3073,-608.58,794.05,-1362.4,751.31,74.052,788.05,-1895.8,2893.2,-705.68,2004.9,1707.1,-1878.4,-526.54,-2838.6,3020.4,-75.643,1322.2,-1532.3,916.73,1370.3,-1698.3,2589.5,-46.279,-37.142,-729.92,-869.13,-1852.6,295.05,-2416.2,205.57,-673.93,-1626.4,2769.5,-2008.8,1030.2,-904.75,865.23,1566.3,1146.6,-1741.9,-71.534,792.08,354.85,1567.5,-1262.3,-804.69,-1071,1358.4,-203.88,732.24,-2077.6,-1360.8,855.58,-383.5,-2539.3,206.92,-1246.1,-1337,2320.8,3015.6,-628.53,1197.8,645.28,-1799.4,1398.1,-3018.3,-1110.1,-12.764,-719.3,-137.78,591.83,1846,-2225.8,1676.6,-1458.2,948.69,646.56,-525.52,377.56,392.29,-2077.6,1370.1,-1051.8,1322.5,-2123.5,-1624.1,922.63,-1935.4,-1255.1,-111.6,-1433.7,-426.5,-2578.1,1356.4,1695.7,2246.3,220.65,1001.7,3366,-464.76,-262.6,675.32,-1029.9,-2800.5,-1546.2,-1199.3,1131.7,-867.71,-932.8,2191.9,-3095.1,1453.8,-114.63,1178.2,-3149.1,941.94,-2560.9,3155.4,1570.9,-480.98,-2161.8,-1923.1,-517.14,1135.4,622.53,-779.47,757.27,1735.5,1592.7,-2301.5,-824.93,1466.3,-1338.2,44.03,-5.3262,972.29,1062.2,2430.6,212.1,1776.3,-871.22,345.17,2039.8,984.77,373.24,635.76,-119.93,600.28,-750.71,-2088,1270.9,1552,3321.4,-1966.1,759.98,-1439.4,-155.98,1467.2,-2136.1,475.26,1269.6,1704.4,-1746.4
-2073.5,1150.8,11.762,-2419.5,638.8,-145.16,-2373,236.5,1058.9,-793.46,-2032.2,518.27,2090.5,-1294.5,583.82,-1722.4,1291.1,525.25,-314.99,-1481.6,-338.38,2507.8,-1263.8,-95.337,1725.9,749.1,1461.5,-1045.3,676.06,381.09,-1143.2,-1666.2,1306.3,1633.1,61.544,1872.2,895.18,670.81,2208.5,36.18,451.21,-712.51,871.47,1239.2,-853.74,2086.5,184.29,809.69,-1661.9,-206.25,-242.26,-693.1,1742.5,1232,-1238.2,301.3,-1315.7,1266.9,-215.42,-1653.6,778.7,1054.1,2096.5,-296.56,-1495.4,1384.7,1131.9,-207.21,123.49,-816.47,1034,-1269,435.01,-897.38,1183.2,-555.23,50.066,-1362.4,1341.2,792.16,-1200.2,-483.06,1914.1,724.59,-822.07,-1552,1439.7,787.94,389.22,878.97,232.44,-599.11,-1938.2,1235.1,-1092.8,-631.07,-230.01,46.487,1861.8,1071.8,-1583.7,1949.9,-825.36,990.7,346.71,-1513.5,1632.4,-1265.6,224.56,732.61,1164,-473.2,318.45,-1262.6,964.68,-1297.1,1934,-1537.7,-1546,-2859.3,-249.28,-100.01,-1137.3,-68.013,-591.33,-856.48,288.28,-968.3,-2191.3,1303.6,-1149.2,-166.71,-139.14,-2100.2,-748.35,-531.94,2140.8,1513.4,-550.15,531.49,-1238.6,-98.4,797.62,729.25,728.46,-373.37,474.44,760.35,-664.14,-157.43,1265.9,671.07,-505.67,528.11,-291.81,3.1668,-2246.2,1045.5,-416.85,-1183.1,-1097.9,-1481.2,-56.908,-1769.8,1080,2010.4,721.98,775.1,-1022.9,806.76,-1094.8,379.96,-1055.5,895.65,-474.52,1117.5,-161.07,1067.5,1178.7,-1193.2,-752.62,1948.6,-32.949,-597.64,-463.44,609.67,393.45,1725,-1353.4,-428.1,-1110.7,560.82,-704.98,-742.96,376.95,-1367.4,-758.65,1315.3,-334.95,-1079.9
-589.35,911.32,590.41,-1317.9,811.38,-49.456,-913.42,2.1583,145.43,-584.55,-545.86,23.871,714.37,-1117.6,274.49,-592.28,751.07,82.717,-695.92,-479.68,108.42,956.29,-477.5,-226.37,749.1,474.43,778.66,-22.118,544.94,356.6,-735.59,-834.47,964.23,666.67,67.75,889.06,90.07,889.4,785.47,272.61,245.63,356.2,693.54,547.98,-403.69,760.37,-133.65,342.9,-575.36,-550.11,361.8,-476.81,856.72,620.88,-554.94,439.98,-275.53,1101,-359.61,-384.92,1097.4,1269.6,850.51,-360.48,-1261,431.92,748.44,-361.12,452.68,-554.38,722.7,-449.26,148.29,-127.71,97.004,-271.53,658.15,-79.797,877.64,-203.85,-1166.4,289.34,344.81,-328.78,-371.16,-1142.9,315.15,321.53,-291.72,127.98,177.35,77.819,-1024.7,191.02,-165.19,-523.52,-438.95,725.18,866.84,148.92,-541.92,710.39,-69.778,607.03,-289.73,-789.64,737.51,-932.75,164.56,724.64,588.24,199.42,211.53,-1487.1,913.34,-862.28,434.45,-365.4,-556.58,-1191,-502.44,-137.29,-486.17,8.5299,-152.6,-452.06,932.44,-66.123,-1318.8,444.4,-901.91,-167.17,-259.66,-1407.3,245.38,-471.03,1043.6,388,-184.25,93.263,-226.14,35.61,1123.5,247.12,228.36,-5.8497,-63.471,642.73,-583.65,-497.8,583.26,428.28,-383.37,831.6,-406.84,30.025,-1123.1,382.67,-287.43,-130.02,-31.721,-1052.7,-438.34,-1392,396.84,579.66,727.23,1107.3,-531.55,150.13,-654.67,-42.074,-694.99,442.16,-419.76,-22.696,-702.62,1341.8,86.297,-1028.8,-452.9,630.49,529.87,-675.33,-965.1,1020.3,296.98,611.07,-142.54,-454.75,-145.74,-349.98,-617.23,-640.16,211.24,-356.63,31.54,328.56,-216.42,-291.12
-1550.5,1137.2,303.37,-2492.9,845.11,354.28,-1924.8,-588.4,1417.2,-688.91,-1093,-512.57,1221,-1980.4,-6.7597,-2014.9,1090.5,491.22,-205.7,-776.39,-368.33,2444.3,-680.98,395.41,1461.5,778.66,1574.9,-355.53,981.34,643.89,-871.58,-2077.8,1886.8,1046.2,-352.32,2109.3,1309.3,1194.3,1917.1,-39.747,685.12,297.38,1414.1,506.43,99.331,1392.6,483.79,1207.4,-1812.2,-954.93,-448.99,85.706,1615.9,1581.4,-1559.6,952.9,-323.75,1314.2,246.47,-997.05,1677,1774.3,1466.3,-1130.5,-2020.6,233.74,1384,-747.16,145.39,-129.36,647.81,-646.51,46.143,-161.39,941.23,-171.25,364.22,-514.14,1794.3,59.209,-1422.9,-133.98,757.63,-561.22,-315.62,-2030.5,1051.7,20.372,-694.78,680.3,186.7,-838.8,-1856.6,225.39,-937.44,-172.26,265.93,791.84,2050.6,698.82,-1721.1,1927.5,-1245.9,755.33,-293.32,-1703.8,1407,-1425.8,845.99,499.35,1626.6,-310.76,662.41,-2150,1335.2,-1405.7,1247.9,-1556.6,-764.71,-2722.7,-339.86,-858.53,-1466.8,273.6,-960.68,-1229.3,1295.1,-798.81,-2514.4,178.45,-1118.7,245.88,297.71,-2409.9,421.65,244.57,1860.4,867.55,-196.09,-38.018,-1505.8,-450.63,1363.7,881.77,248.03,-396.95,716.98,132.73,-525.88,-745.4,1497,-195.93,-368.85,482.42,334.28,519.72,-2284.6,149.69,-1088,-665.95,-7.2239,-1638,-839.89,-2132.6,1364.8,1829.1,476.75,1449.6,-553.85,21.89,-1172.2,50.081,-932.28,1168.4,44.664,350.42,-444.65,1832,554.15,-1092.8,-518.74,1508.5,893.28,-1109.1,-1239.6,1309.1,-126.84,1692.3,-100.94,282.15,-1107.9,-78.142,-1463.6,-1114.1,836.25,-1514.5,-27.478,1198.3,135.03,-1226.8
